228260 24
277219 13 (failed)
284306 26
289803 24
290980 25
262277 14 (failed)
282139 25
288666 19
280987 28
288151 25
288440 22
285369 18
290422 22
288427 20
287107 26
284355 23
284338 20
290113 15 (failed)
290109 15 (failed)
274382 18
250423 19
287148 14 (failed)
250434 21
250553 27
288318 27
290662 25
284944 18
274290 23
283287 27
287615 18
281047 24
282539 18
265114 29
287518 30
284814 20
281967 30
284216 19
280913 22
280759 14 (failed)
286160 27
288163 18
281469 25
282680 24
285554 25
278063 10 (failed)
281404 7 (failed)
282754 11 (failed)
281415 22
273749 24
289240 13 (failed)
280835 27
257160 18
286363 27
285441 24
290389 27
287046 27
281045 25
282514 26
278279 28
286897 26
289362 24
282734 29
287055 22
274469 30
262173 25
290414 27
268647 25
278293 25
274155 27
282132 29
282696 21
280829 25
282113 30 cum laude
291094 19
290906 28
288335 24
287047 28
281219 22
283726 10 (failed)
248242 12 (failed)
290427 6 (failed)
282788 29
282485 29
262206 22
280893 23
280936 21
254015 18
248377 19
278203 12 (failed)
247091 18
287505 24
281444 29
285154 22
282857 19
247308 13 (failed)
287786 30 cum laude
270732 16 (failed)
288167 16 (failed)
281888 30
280871 28
286959 23
286143 30
281952 30
282355 30
282274 24
281259 11 (failed)
286332 23
238669 10 (failed)
287319 29
266064 13 (failed)
290457 28
287406 8 (failed)
290387 26
261885 25
282928 19
288153 25
290413 18
286961 16 (failed)
227978 19
271308 15 (failed)
258081 16 (failed)
251625 15 (failed)
206940 20
208233 19